Nom;Table;nbr
T46596;techant22504;120
T46598;techant22574;120
T46594;techant22484;120
T46597;techant22525;120
T125219;techant6052;120
T125220;techant6059;120
T162515;techant18808;120
T154035;techant15663;120
T7788;techant2723;120
T7819;techant10467;120
T5851;techant46547;120
T26409;techant29820;120
T46591;techant22468;120
T10821;techant3111;120
T46588;techant20137;120
T30860;techant47977;120
T8447;techant46435;120
T2307;techant8931;120
T2319;techant3315;120
T1537;techant4243;120
T2296;techant7683;120
T174098;techant23276;120
T174097;techant23272;120
T6911;techant46659;120
T46589;techant22420;120
T2260;techant40123;120
T6692;techant37975;120
T34649;techant49837;120
T6700;techant37831;120
T27935;techant43632;120
T160204;techant18605;120
T160203;techant18601;120
T2681;techant25070;120
T2685;techant26180;120
T133044;techant8428;120
T133053;techant8462;120
T9573;techant30350;120
T27086;techant39436;30
T27085;techant39417;120
T173371;techant22625;30
T173459;techant22684;30
T3595;techant4486;30
T29420;techant42871;30
T5601;techant34411;2
T5600;techant34395;2
T5596;techant34363;2
T5598;techant34379;2
